1 1 2 3 7 8 9 11 12 13 14 15 16 17 18 20 21 25 29 30 31 32 33 34 35 36 37 38 39 40 41 42 43 45 46 47 49 51 52 55 56 57 58 61 63 75 77 78 79 80 81 82 83 84 85 86 87 88 89 91 92 93 97 99 100 101 102 103 104 106 107 108 117 121 122 123 124 134 135 139 141 142 143 144 145 147 148 149
2 1 2 3 7 8 9 11 12 13 14 15 16 17 18 20 21 25 29 30 31 32 33 34 35 36 37 38 39 40 41 42 43 45 46 47 49 51 52 55 56 57 58 61 63 75 77 78 79 80 81 82 83 84 85 86 87 88 89 91 92 93 97 99 100 101 102 103 104 106 107 108 117 121 122 123 124 134 135 139 141 142 143 144 145 147 148 149
3 1 2 3 7 8 9 11 12 13 14 15 16 17 18 20 21 25 29 30 31 32 33 34 35 36 37 38 39 40 41 42 43 45 46 47 49 51 52 55 56 57 58 61 63 75 77 78 79 80 81 82 83 84 85 86 87 88 89 91 92 93 97 99 100 101 102 103 104 106 107 108 117 121 122 123 124 134 135 139 141 142 143 144 145 147 148 149
4 1 2 3 7 8 9 11 12 13 14 15 16 17 18 20 21 25 29 30 31 32 33 34 35 36 37 38 39 40 41 42 43 45 46 47 49 51 52 55 56 57 58 61 63 75 77 78 79 80 81 82 83 84 85 86 87 88 89 91 92 93 97 99 100 101 102 103 104 106 107 108 117 121 122 123 124 134 135 139 141 142 143 144 145 147 148 149
5 1 2 3 7 8 9 11 12 13 14 15 16 17 18 20 21 25 29 30 31 32 33 34 35 36 37 38 39 40 41 42 43 45 46 47 49 51 52 55 56 57 58 61 63 75 77 78 79 80 81 82 83 84 85 86 87 88 89 91 92 93 97 99 100 101 102 103 104 106 107 108 117 121 122 123 124 134 135 139 141 142 143 144 145 147 148 149
6 1 2 3 7 8 9 11 12 13 14 15 16 17 18 20 21 25 29 30 31 32 33 34 35 36 37 38 39 40 41 42 43 45 46 47 49 51 52 55 56 57 58 61 63 75 77 78 79 80 81 82 83 84 85 86 87 88 89 91 92 93 97 99 100 101 102 103 104 106 107 108 117 121 122 123 124 134 135 139 141 142 143 144 145 147 148 149
7 1 2 3 7 8 9 11 12 13 14 15 16 17 18 20 21 25 29 30 31 32 33 34 35 36 37 38 39 40 41 42 43 45 46 47 49 51 52 55 56 57 58 61 63 75 77 78 79 80 81 82 83 84 85 86 87 88 89 91 92 93 97 99 100 101 102 103 104 106 107 108 117 121 122 123 124 134 135 139 141 142 143 144 145 147 148 149
8 1 2 3 7 8 9 11 12 13 14 15 16 17 18 20 21 25 29 30 31 32 33 34 35 36 37 38 39 40 41 42 43 45 46 47 49 51 52 55 56 57 58 61 63 75 77 78 79 80 81 82 83 84 85 86 87 88 89 91 92 93 97 99 100 101 102 103 104 106 107 108 117 121 122 123 124 134 135 139 141 142 143 144 145 147 148 149
9 1 2 3 7 8 9 11 12 13 14 15 16 17 18 20 21 25 29 30 31 32 33 34 35 36 37 38 39 40 41 42 43 45 46 47 49 51 52 55 56 57 58 61 63 75 77 78 79 80 81 82 83 84 85 86 87 88 89 91 92 93 97 99 100 101 102 103 104 106 107 108 117 121 122 123 124 134 135 139 141 142 143 144 145 147 148 149
10 1 2 3 7 8 9 11 12 13 14 15 16 17 18 20 21 25 29 30 31 32 33 34 35 36 37 38 39 40 41 42 43 45 46 47 49 51 52 55 56 57 58 61 63 75 77 78 79 80 81 82 83 84 85 86 87 88 89 91 92 93 97 99 100 101 102 103 104 106 107 108 117 121 122 123 124 134 135 139 141 142 143 144 145 147 148 149
11 1 2 3 7 8 9 11 12 13 14 15 16 17 18 20 21 25 29 30 31 32 33 34 35 36 37 38 39 40 41 42 43 45 46 47 49 51 52 55 56 57 58 61 63 75 77 78 79 80 81 82 83 84 85 86 87 88 89 91 92 93 97 99 100 101 102 103 104 106 107 108 117 121 122 123 124 134 135 139 141 142 143 144 145 147 148 149
12 1 2 3 7 8 9 11 12 13 14 15 16 17 18 20 21 25 29 30 31 32 33 34 35 36 37 38 39 40 41 42 43 45 46 47 49 51 52 55 56 57 58 61 63 75 77 78 79 80 81 82 83 84 85 86 87 88 89 91 92 93 97 99 100 101 102 103 104 106 107 108 117 121 122 123 124 134 135 139 141 142 143 144 145 147 148 149
13 1 2 3 7 8 9 11 12 13 14 15 16 17 18 20 21 25 29 30 31 32 33 34 35 36 37 38 39 40 41 42 43 45 46 47 49 51 52 55 56 57 58 61 63 75 77 78 79 80 81 82 83 84 85 86 87 88 89 91 92 93 97 99 100 101 102 103 104 106 107 108 117 121 122 123 124 134 135 139 141 142 143 144 145 147 148 149
14 1 2 3 7 8 9 11 12 13 14 15 16 17 18 20 21 25 29 30 31 32 33 34 35 36 37 38 39 40 41 42 43 45 46 47 49 51 52 55 56 57 58 61 63 75 77 78 79 80 81 82 83 84 85 86 87 88 89 91 92 93 97 99 100 101 102 103 104 106 107 108 117 121 122 123 124 134 135 139 141 142 143 144 145 147 148 149
15 1 2 3 7 8 9 11 12 13 14 15 16 17 18 20 21 25 29 30 31 32 33 34 35 36 37 38 39 40 41 42 43 45 46 47 49 51 52 55 56 57 58 61 63 75 77 78 79 80 81 82 83 84 85 86 87 88 89 91 92 93 97 99 100 101 102 103 104 106 107 108 117 121 122 123 124 134 135 139 141 142 143 144 145 147 148 149
16 1 2 3 7 8 9 11 12 13 14 15 16 17 18 20 21 25 29 30 31 32 33 34 35 36 37 38 39 40 41 42 43 45 46 47 49 51 52 55 56 57 58 61 63 75 77 78 79 80 81 82 83 84 85 86 87 88 89 91 92 93 97 99 100 101 102 103 104 106 107 108 117 121 122 123 124 134 135 139 141 142 143 144 145 147 148 149
17 1 2 3 7 8 9 11 12 13 14 15 16 17 18 20 21 25 29 30 31 32 33 34 35 36 37 38 39 40 41 42 43 45 46 47 49 51 52 55 56 57 58 61 63 75 77 78 79 80 81 82 83 84 85 86 87 88 89 91 92 93 97 99 100 101 102 103 104 106 107 108 117 121 122 123 124 134 135 139 141 142 143 144 145 147 148 149
18 1 2 3 7 8 9 11 12 13 14 15 16 17 18 20 21 25 29 30 31 32 33 34 35 36 37 38 39 40 41 42 43 45 46 47 49 51 52 55 56 57 58 61 63 75 77 78 79 80 81 82 83 84 85 86 87 88 89 91 92 93 97 99 100 101 102 103 104 106 107 108 117 121 122 123 124 134 135 139 141 142 143 144 145 147 148 149
19 1 2 3 7 8 9 11 12 13 14 15 16 17 18 20 21 25 29 30 31 32 33 34 35 36 37 38 39 40 41 42 43 45 46 47 49 51 52 55 56 57 58 61 63 75 77 78 79 80 81 82 83 84 85 86 87 88 89 91 92 93 97 99 100 101 102 103 104 106 107 108 117 121 122 123 124 134 135 139 141 142 143 144 145 147 148 149
20 1 2 3 7 8 9 11 12 13 14 15 16 17 18 20 21 25 29 30 31 32 33 34 35 36 37 38 39 40 41 42 43 45 46 47 49 51 52 55 56 57 58 61 63 75 77 78 79 80 81 82 83 84 85 86 87 88 89 91 92 93 97 99 100 101 102 103 104 106 107 108 117 121 122 123 124 134 135 139 141 142 143 144 145 147 148 149
21 1 2 3 7 8 9 11 12 13 14 15 16 17 18 20 21 25 29 30 31 32 33 34 35 36 37 38 39 40 41 42 43 45 46 47 49 51 52 55 56 57 58 61 63 75 77 78 79 80 81 82 83 84 85 86 87 88 89 91 92 93 97 99 100 101 102 103 104 106 107 108 117 121 122 123 124 134 135 139 141 142 143 144 145 147 148 149
22 1 2 3 7 8 9 11 12 13 14 15 16 17 18 20 21 25 29 30 31 32 33 34 35 36 37 38 39 40 41 42 43 45 46 47 49 51 52 55 56 57 58 61 63 75 77 78 79 80 81 82 83 84 85 86 87 88 89 91 92 93 97 99 100 101 102 103 104 106 107 108 117 121 122 123 124 134 135 139 141 142 143 144 145 147 148 149
23 1 2 3 7 8 9 11 12 13 14 15 16 17 18 20 21 25 29 30 31 32 33 34 35 36 37 38 39 40 41 42 43 45 46 47 49 51 52 55 56 57 58 61 63 75 77 78 79 80 81 82 83 84 85 86 87 88 89 91 92 93 97 99 100 101 102 103 104 106 107 108 117 121 122 123 124 134 135 139 141 142 143 144 145 147 148 149
24 1 2 3 7 8 9 11 12 13 14 15 16 17 18 20 21 25 29 30 31 32 33 34 35 36 37 38 39 40 41 42 43 45 46 47 49 51 52 55 56 57 58 61 63 75 77 78 79 80 81 82 83 84 85 86 87 88 89 91 92 93 97 99 100 101 102 103 104 106 107 108 117 121 122 123 124 134 135 139 141 142 143 144 145 147 148 149
25 1 2 3 7 8 9 11 12 13 14 15 16 17 18 20 21 25 29 30 31 32 33 34 35 36 37 38 39 40 41 42 43 45 46 47 49 51 52 55 56 57 58 61 63 75 77 78 79 80 81 82 83 84 85 86 87 88 89 91 92 93 97 99 100 101 102 103 104 106 107 108 117 121 122 123 124 134 135 139 141 142 143 144 145 147 148 149
26 1 2 3 7 8 9 11 12 13 14 15 16 17 18 20 21 25 29 30 31 32 33 34 35 36 37 38 39 40 41 42 43 45 46 47 49 51 52 55 56 57 58 61 63 75 77 78 79 80 81 82 83 84 85 86 87 88 89 91 92 93 97 99 100 101 102 103 104 106 107 108 117 121 122 123 124 134 135 139 141 142 143 144 145 147 148 149
27 1 2 3 7 8 9 11 12 13 14 15 16 17 18 20 21 25 29 30 31 32 33 34 35 36 37 38 39 40 41 42 43 45 46 47 49 51 52 55 56 57 58 61 63 75 77 78 79 80 81 82 83 84 85 86 87 88 89 91 92 93 97 99 100 101 102 103 104 106 107 108 117 121 122 123 124 134 135 139 141 142 143 144 145 147 148 149
28 1 2 3 7 8 9 11 12 13 14 15 16 17 18 20 21 25 29 30 31 32 33 34 35 36 37 38 39 40 41 42 43 45 46 47 49 51 52 55 56 57 58 61 63 75 77 78 79 80 81 82 83 84 85 86 87 88 89 91 92 93 97 99 100 101 102 103 104 106 107 108 117 121 122 123 124 134 135 139 141 142 143 144 145 147 148 149
29 1 2 3 7 8 9 11 12 13 14 15 16 17 18 20 21 25 29 30 31 32 33 34 35 36 37 38 39 40 41 42 43 45 46 47 49 51 52 55 56 57 58 61 63 75 77 78 79 80 81 82 83 84 85 86 87 88 89 91 92 93 97 99 100 101 102 103 104 106 107 108 117 121 122 123 124 134 135 139 141 142 143 144 145 147 148 149
30 1 2 3 7 8 9 11 12 13 14 15 16 17 18 20 21 25 29 30 31 32 33 34 35 36 37 38 39 40 41 42 43 45 46 47 49 51 52 55 56 57 58 61 63 75 77 78 79 80 81 82 83 84 85 86 87 88 89 91 92 93 97 99 100 101 102 103 104 106 107 108 117 121 122 123 124 134 135 139 141 142 143 144 145 147 148 149
31 1 2 3 7 8 9 11 12 13 14 15 16 17 18 20 21 25 29 30 31 32 33 34 35 36 37 38 39 40 41 42 43 45 46 47 49 51 52 55 56 57 58 61 63 75 77 78 79 80 81 82 83 84 85 86 87 88 89 91 92 93 97 99 100 101 102 103 104 106 107 108 117 121 122 123 124 134 135 139 141 142 143 144 145 147 148 149
32 1 2 3 7 8 9 11 12 13 14 15 16 17 18 20 21 25 29 30 31 32 33 34 35 36 37 38 39 40 41 42 43 45 46 47 49 51 52 55 56 57 58 61 63 75 77 78 79 80 81 82 83 84 85 86 87 88 89 91 92 93 97 99 100 101 102 103 104 106 107 108 117 121 122 123 124 134 135 139 141 142 143 144 145 147 148 149
33 1 2 3 7 8 9 11 12 13 14 15 16 17 18 20 21 25 29 30 31 32 33 34 35 36 37 38 39 40 41 42 43 45 46 47 49 51 52 55 56 57 58 61 63 75 77 78 79 80 81 82 83 84 85 86 87 88 89 91 92 93 97 99 100 101 102 103 104 106 107 108 117 121 122 123 124 134 135 139 141 142 143 144 145 147 148 149
34 1 2 3 7 8 9 11 12 13 14 15 16 17 18 20 21 25 29 30 31 32 33 34 35 36 37 38 39 40 41 42 43 45 46 47 49 51 52 55 56 57 58 61 63 75 77 78 79 80 81 82 83 84 85 86 87 88 89 91 92 93 97 99 100 101 102 103 104 106 107 108 117 121 122 123 124 134 135 139 141 142 143 144 145 147 148 149
35 1 2 3 7 8 9 11 12 13 14 15 16 17 18 20 21 25 29 30 31 32 33 34 35 36 37 38 39 40 41 42 43 45 46 47 49 51 52 55 56 57 58 61 63 75 77 78 79 80 81 82 83 84 85 86 87 88 89 91 92 93 97 99 100 101 102 103 104 106 107 108 117 121 122 123 124 134 135 139 141 142 143 144 145 147 148 149
36 1 2 3 7 8 9 11 12 13 14 15 16 17 18 20 21 25 29 30 31 32 33 34 35 36 37 38 39 40 41 42 43 45 46 47 49 51 52 55 56 57 58 61 63 75 77 78 79 80 81 82 83 84 85 86 87 88 89 91 92 93 97 99 100 101 102 103 104 106 107 108 117 121 122 123 124 134 135 139 141 142 143 144 145 147 148 149
37 1 2 3 7 8 9 11 12 13 14 15 16 17 18 20 21 25 29 30 31 32 33 34 35 36 37 38 39 40 41 42 43 45 46 47 49 51 52 55 56 57 58 61 63 75 77 78 79 80 81 82 83 84 85 86 87 88 89 91 92 93 97 99 100 101 102 103 104 106 107 108 117 121 122 123 124 134 135 139 141 142 143 144 145 147 148 149
38 1 2 3 7 8 9 11 12 13 14 15 16 17 18 20 21 25 29 30 31 32 33 34 35 36 37 38 39 40 41 42 43 45 46 47 49 51 52 55 56 57 58 61 63 75 77 78 79 80 81 82 83 84 85 86 87 88 89 91 92 93 97 99 100 101 102 103 104 106 107 108 117 121 122 123 124 134 135 139 141 142 143 144 145 147 148 149
39 1 2 3 7 8 9 11 12 13 14 15 16 17 18 20 21 25 29 30 31 32 33 34 35 36 37 38 39 40 41 42 43 45 46 47 49 51 52 55 56 57 58 61 63 75 77 78 79 80 81 82 83 84 85 86 87 88 89 91 92 93 97 99 100 101 102 103 104 106 107 108 117 121 122 123 124 134 135 139 141 142 143 144 145 147 148 149
40 1 2 3 7 8 9 11 12 13 14 15 16 17 18 20 21 25 29 30 31 32 33 34 35 36 37 38 39 40 41 42 43 45 46 47 49 51 52 55 56 57 58 61 63 75 77 78 79 80 81 82 83 84 85 86 87 88 89 91 92 93 97 99 100 101 102 103 104 106 107 108 117 121 122 123 124 134 135 139 141 142 143 144 145 147 148 149
41 1 2 3 7 8 9 11 12 13 14 15 16 17 18 20 21 25 29 30 31 32 33 34 35 36 37 38 39 40 41 42 43 45 46 47 49 51 52 55 56 57 58 61 63 75 77 78 79 80 81 82 83 84 85 86 87 88 89 91 92 93 97 99 100 101 102 103 104 106 107 108 117 121 122 123 124 134 135 139 141 142 143 144 145 147 148 149
42 1 2 3 7 8 9 11 12 13 14 15 16 17 18 20 21 25 29 30 31 32 33 34 35 36 37 38 39 40 41 42 43 45 46 47 49 51 52 55 56 57 58 61 63 75 77 78 79 80 81 82 83 84 85 86 87 88 89 91 92 93 97 99 100 101 102 103 104 106 107 108 117 121 122 123 124 134 135 139 141 142 143 144 145 147 148 149
43 1 2 3 7 8 9 11 12 13 14 15 16 17 18 20 21 25 29 30 31 32 33 34 35 36 37 38 39 40 41 42 43 45 46 47 49 51 52 55 56 57 58 61 63 75 77 78 79 80 81 82 83 84 85 86 87 88 89 91 92 93 97 99 100 101 102 103 104 106 107 108 117 121 122 123 124 134 135 139 141 142 143 144 145 147 148 149
44 1 2 3 7 8 9 11 12 13 14 15 16 17 18 20 21 25 29 30 31 32 33 34 35 36 37 38 39 40 41 42 43 45 46 47 49 51 52 55 56 57 58 61 63 75 77 78 79 80 81 82 83 84 85 86 87 88 89 91 92 93 97 99 100 101 102 103 104 106 107 108 117 121 122 123 124 134 135 139 141 142 143 144 145 147 148 149
45 1 2 3 7 8 9 11 12 13 14 15 16 17 18 20 21 25 29 30 31 32 33 34 35 36 37 38 39 40 41 42 43 45 46 47 49 51 52 55 56 57 58 61 63 75 77 78 79 80 81 82 83 84 85 86 87 88 89 91 92 93 97 99 100 101 102 103 104 106 107 108 117 121 122 123 124 134 135 139 141 142 143 144 145 147 148 149
46 1 2 3 7 8 9 11 12 13 14 15 16 17 18 20 21 25 29 30 31 32 33 34 35 36 37 38 39 40 41 42 43 45 46 47 49 51 52 55 56 57 58 61 63 75 77 78 79 80 81 82 83 84 85 86 87 88 89 91 92 93 97 99 100 101 102 103 104 106 107 108 117 121 122 123 124 134 135 139 141 142 143 144 145 147 148 149
47 1 2 3 7 8 9 11 12 13 14 15 16 17 18 20 21 25 29 30 31 32 33 34 35 36 37 38 39 40 41 42 43 45 46 47 49 51 52 55 56 57 58 61 63 75 77 78 79 80 81 82 83 84 85 86 87 88 89 91 92 93 97 99 100 101 102 103 104 106 107 108 117 121 122 123 124 134 135 139 141 142 143 144 145 147 148 149
48 1 2 3 7 8 9 11 12 13 14 15 16 17 18 20 21 25 29 30 31 32 33 34 35 36 37 38 39 40 41 42 43 45 46 47 49 51 52 55 56 57 58 61 63 75 77 78 79 80 81 82 83 84 85 86 87 88 89 91 92 93 97 99 100 101 102 103 104 106 107 108 117 121 122 123 124 134 135 139 141 142 143 144 145 147 148 149
49 1 2 3 7 8 9 11 12 13 14 15 16 17 18 20 21 25 29 30 31 32 33 34 35 36 37 38 39 40 41 42 43 45 46 47 49 51 52 55 56 57 58 61 63 75 77 78 79 80 81 82 83 84 85 86 87 88 89 91 92 93 97 99 100 101 102 103 104 106 107 108 117 121 122 123 124 134 135 139 141 142 143 144 145 147 148 149
50 1 2 3 7 8 9 11 12 13 14 15 16 17 18 20 21 25 29 30 31 32 33 34 35 36 37 38 39 40 41 42 43 45 46 47 49 51 52 55 56 57 58 61 63 75 77 78 79 80 81 82 83 84 85 86 87 88 89 91 92 93 97 99 100 101 102 103 104 106 107 108 117 121 122 123 124 134 135 139 141 142 143 144 145 147 148 149
51 1 2 3 7 8 9 11 12 13 14 15 16 17 18 20 21 25 29 30 31 32 33 34 35 36 37 38 39 40 41 42 43 45 46 47 49 51 52 55 56 57 58 61 63 75 77 78 79 80 81 82 83 84 85 86 87 88 89 91 92 93 97 99 100 101 102 103 104 106 107 108 117 121 122 123 124 134 135 139 141 142 143 144 145 147 148 149
52 1 2 3 7 8 9 11 12 13 14 15 16 17 18 20 21 25 29 30 31 32 33 34 35 36 37 38 39 40 41 42 43 45 46 47 49 51 52 55 56 57 58 61 63 75 77 78 79 80 81 82 83 84 85 86 87 88 89 91 92 93 97 99 100 101 102 103 104 106 107 108 117 121 122 123 124 134 135 139 141 142 143 144 145 147 148 149
53 1 2 3 7 8 9 11 12 13 14 15 16 17 18 20 21 25 29 30 31 32 33 34 35 36 37 38 39 40 41 42 43 45 46 47 49 51 52 55 56 57 58 61 63 75 77 78 79 80 81 82 83 84 85 86 87 88 89 91 92 93 97 99 100 101 102 103 104 106 107 108 117 121 122 123 124 134 135 139 141 142 143 144 145 147 148 149
54 1 2 3 7 8 9 11 12 13 14 15 16 17 18 20 21 25 29 30 31 32 33 34 35 36 37 38 39 40 41 42 43 45 46 47 49 51 52 55 56 57 58 61 63 75 77 78 79 80 81 82 83 84 85 86 87 88 89 91 92 93 97 99 100 101 102 103 104 106 107 108 117 121 122 123 124 134 135 139 141 142 143 144 145 147 148 149
55 1 2 3 7 8 9 11 12 13 14 15 16 17 18 20 21 25 29 30 31 32 33 34 35 36 37 38 39 40 41 42 43 45 46 47 49 51 52 55 56 57 58 61 63 75 77 78 79 80 81 82 83 84 85 86 87 88 89 91 92 93 97 99 100 101 102 103 104 106 107 108 117 121 122 123 124 134 135 139 141 142 143 144 145 147 148 149
56 1 2 3 7 8 9 11 12 13 14 15 16 17 18 20 21 25 29 30 31 32 33 34 35 36 37 38 39 40 41 42 43 45 46 47 49 51 52 55 56 57 58 61 63 75 77 78 79 80 81 82 83 84 85 86 87 88 89 91 92 93 97 99 100 101 102 103 104 106 107 108 117 121 122 123 124 134 135 139 141 142 143 144 145 147 148 149
57 1 2 3 7 8 9 11 12 13 14 15 16 17 18 20 21 25 29 30 31 32 33 34 35 36 37 38 39 40 41 42 43 45 46 47 49 51 52 55 56 57 58 61 63 75 77 78 79 80 81 82 83 84 85 86 87 88 89 91 92 93 97 99 100 101 102 103 104 106 107 108 117 121 122 123 124 134 135 139 141 142 143 144 145 147 148 149
58 1 2 3 7 8 9 11 12 13 14 15 16 17 18 20 21 25 29 30 31 32 33 34 35 36 37 38 39 40 41 42 43 45 46 47 49 51 52 55 56 57 58 61 63 75 77 78 79 80 81 82 83 84 85 86 87 88 89 91 92 93 97 99 100 101 102 103 104 106 107 108 117 121 122 123 124 134 135 139 141 142 143 144 145 147 148 149
59 1 2 3 7 8 9 11 12 13 14 15 16 17 18 20 21 25 29 30 31 32 33 34 35 36 37 38 39 40 41 42 43 45 46 47 49 51 52 55 56 57 58 61 63 75 77 78 79 80 81 82 83 84 85 86 87 88 89 91 92 93 97 99 100 101 102 103 104 106 107 108 117 121 122 123 124 134 135 139 141 142 143 144 145 147 148 149
60 1 2 3 7 8 9 11 12 13 14 15 16 17 18 20 21 25 29 30 31 32 33 34 35 36 37 38 39 40 41 42 43 45 46 47 49 51 52 55 56 57 58 61 63 75 77 78 79 80 81 82 83 84 85 86 87 88 89 91 92 93 97 99 100 101 102 103 104 106 107 108 117 121 122 123 124 134 135 139 141 142 143 144 145 147 148 149
61 1 2 3 7 8 9 11 12 13 14 15 16 17 18 20 21 25 29 30 31 32 33 34 35 36 37 38 39 40 41 42 43 45 46 47 49 51 52 55 56 57 58 61 63 75 77 78 79 80 81 82 83 84 85 86 87 88 89 91 92 93 97 99 100 101 102 103 104 106 107 108 117 121 122 123 124 134 135 139 141 142 143 144 145 147 148 149
62 1 2 3 7 8 9 11 12 13 14 15 16 17 18 20 21 25 29 30 31 32 33 34 35 36 37 38 39 40 41 42 43 45 46 47 49 51 52 55 56 57 58 61 63 75 77 78 79 80 81 82 83 84 85 86 87 88 89 91 92 93 97 99 100 101 102 103 104 106 107 108 117 121 122 123 124 134 135 139 141 142 143 144 145 147 148 149
63 1 2 3 7 8 9 11 12 13 14 15 16 17 18 20 21 25 29 30 31 32 33 34 35 36 37 38 39 40 41 42 43 45 46 47 49 51 52 55 56 57 58 61 63 75 77 78 79 80 81 82 83 84 85 86 87 88 89 91 92 93 97 99 100 101 102 103 104 106 107 108 117 121 122 123 124 134 135 139 141 142 143 144 145 147 148 149
64 1 2 3 7 8 9 11 12 13 14 15 16 17 18 20 21 25 29 30 31 32 33 34 35 36 37 38 39 40 41 42 43 45 46 47 49 51 52 55 56 57 58 61 63 75 77 78 79 80 81 82 83 84 85 86 87 88 89 91 92 93 97 99 100 101 102 103 104 106 107 108 117 121 122 123 124 134 135 139 141 142 143 144 145 147 148 149
65 1 2 3 7 8 9 11 12 13 14 15 16 17 18 20 21 25 29 30 31 32 33 34 35 36 37 38 39 40 41 42 43 45 46 47 49 51 52 55 56 57 58 61 63 75 77 78 79 80 81 82 83 84 85 86 87 88 89 91 92 93 97 99 100 101 102 103 104 106 107 108 117 121 122 123 124 134 135 139 141 142 143 144 145 147 148 149
66 1 2 3 7 8 9 11 12 13 14 15 16 17 18 20 21 25 29 30 31 32 33 34 35 36 37 38 39 40 41 42 43 45 46 47 49 51 52 55 56 57 58 61 63 75 77 78 79 80 81 82 83 84 85 86 87 88 89 91 92 93 97 99 100 101 102 103 104 106 107 108 117 121 122 123 124 134 135 139 141 142 143 144 145 147 148 149
67 1 2 3 7 8 9 11 12 13 14 15 16 17 18 20 21 25 29 30 31 32 33 34 35 36 37 38 39 40 41 42 43 45 46 47 49 51 52 55 56 57 58 61 63 75 77 78 79 80 81 82 83 84 85 86 87 88 89 91 92 93 97 99 100 101 102 103 104 106 107 108 117 121 122 123 124 134 135 139 141 142 143 144 145 147 148 149
68 1 2 3 7 8 9 11 12 13 14 15 16 17 18 20 21 25 29 30 31 32 33 34 35 36 37 38 39 40 41 42 43 45 46 47 49 51 52 55 56 57 58 61 63 75 77 78 79 80 81 82 83 84 85 86 87 88 89 91 92 93 97 99 100 101 102 103 104 106 107 108 117 121 122 123 124 134 135 139 141 142 143 144 145 147 148 149
69 1 2 3 7 8 9 11 12 13 14 15 16 17 18 20 21 25 29 30 31 32 33 34 35 36 37 38 39 40 41 42 43 45 46 47 49 51 52 55 56 57 58 61 63 75 77 78 79 80 81 82 83 84 85 86 87 88 89 91 92 93 97 99 100 101 102 103 104 106 107 108 117 121 122 123 124 134 135 139 141 142 143 144 145 147 148 149
70 1 2 3 7 8 9 11 12 13 14 15 16 17 18 20 21 25 29 30 31 32 33 34 35 36 37 38 39 40 41 42 43 45 46 47 49 51 52 55 56 57 58 61 63 75 77 78 79 80 81 82 83 84 85 86 87 88 89 91 92 93 97 99 100 101 102 103 104 106 107 108 117 121 122 123 124 134 135 139 141 142 143 144 145 147 148 149
71 1 2 3 7 8 9 11 12 13 14 15 16 17 18 20 21 25 29 30 31 32 33 34 35 36 37 38 39 40 41 42 43 45 46 47 49 51 52 55 56 57 58 61 63 75 77 78 79 80 81 82 83 84 85 86 87 88 89 91 92 93 97 99 100 101 102 103 104 106 107 108 117 121 122 123 124 134 135 139 141 142 143 144 145 147 148 149
72 1 2 3 7 8 9 11 12 13 14 15 16 17 18 20 21 25 29 30 31 32 33 34 35 36 37 38 39 40 41 42 43 45 46 47 49 51 52 55 56 57 58 61 63 75 77 78 79 80 81 82 83 84 85 86 87 88 89 91 92 93 97 99 100 101 102 103 104 106 107 108 117 121 122 123 124 134 135 139 141 142 143 144 145 147 148 149
73 1 2 3 7 8 9 11 12 13 14 15 16 17 18 20 21 25 29 30 31 32 33 34 35 36 37 38 39 40 41 42 43 45 46 47 49 51 52 55 56 57 58 61 63 75 77 78 79 80 81 82 83 84 85 86 87 88 89 91 92 93 97 99 100 101 102 103 104 106 107 108 117 121 122 123 124 134 135 139 141 142 143 144 145 147 148 149
74 1 2 3 7 8 9 11 12 13 14 15 16 17 18 20 21 25 29 30 31 32 33 34 35 36 37 38 39 40 41 42 43 45 46 47 49 51 52 55 56 57 58 61 63 75 77 78 79 80 81 82 83 84 85 86 87 88 89 91 92 93 97 99 100 101 102 103 104 106 107 108 117 121 122 123 124 134 135 139 141 142 143 144 145 147 148 149
75 1 2 3 7 8 9 11 12 13 14 15 16 17 18 20 21 25 29 30 31 32 33 34 35 36 37 38 39 40 41 42 43 45 46 47 49 51 52 55 56 57 58 61 63 75 77 78 79 80 81 82 83 84 85 86 87 88 89 91 92 93 97 99 100 101 102 103 104 106 107 108 117 121 122 123 124 134 135 139 141 142 143 144 145 147 148 149
76 1 2 3 7 8 9 11 12 13 14 15 16 17 18 20 21 25 29 30 31 32 33 34 35 36 37 38 39 40 41 42 43 45 46 47 49 51 52 55 56 57 58 61 63 75 77 78 79 80 81 82 83 84 85 86 87 88 89 91 92 93 97 99 100 101 102 103 104 106 107 108 117 121 122 123 124 134 135 139 141 142 143 144 145 147 148 149
77 1 2 3 7 8 9 11 12 13 14 15 16 17 18 20 21 25 29 30 31 32 33 34 35 36 37 38 39 40 41 42 43 45 46 47 49 51 52 55 56 57 58 61 63 75 77 78 79 80 81 82 83 84 85 86 87 88 89 91 92 93 97 99 100 101 102 103 104 106 107 108 117 121 122 123 124 134 135 139 141 142 143 144 145 147 148 149
78 1 2 3 7 8 9 11 12 13 14 15 16 17 18 20 21 25 29 30 31 32 33 34 35 36 37 38 39 40 41 42 43 45 46 47 49 51 52 55 56 57 58 61 63 75 77 78 79 80 81 82 83 84 85 86 87 88 89 91 92 93 97 99 100 101 102 103 104 106 107 108 117 121 122 123 124 134 135 139 141 142 143 144 145 147 148 149
79 1 2 3 7 8 9 11 12 13 14 15 16 17 18 20 21 25 29 30 31 32 33 34 35 36 37 38 39 40 41 42 43 45 46 47 49 51 52 55 56 57 58 61 63 75 77 78 79 80 81 82 83 84 85 86 87 88 89 91 92 93 97 99 100 101 102 103 104 106 107 108 117 121 122 123 124 134 135 139 141 142 143 144 145 147 148 149
80 1 2 3 7 8 9 11 12 13 14 15 16 17 18 20 21 25 29 30 31 32 33 34 35 36 37 38 39 40 41 42 43 45 46 47 49 51 52 55 56 57 58 61 63 75 77 78 79 80 81 82 83 84 85 86 87 88 89 91 92 93 97 99 100 101 102 103 104 106 107 108 117 121 122 123 124 134 135 139 141 142 143 144 145 147 148 149
81 1 2 3 7 8 9 11 12 13 14 15 16 17 18 20 21 25 29 30 31 32 33 34 35 36 37 38 39 40 41 42 43 45 46 47 49 51 52 55 56 57 58 61 63 75 77 78 79 80 81 82 83 84 85 86 87 88 89 91 92 93 97 99 100 101 102 103 104 106 107 108 117 121 122 123 124 134 135 139 141 142 143 144 145 147 148 149
82 1 2 3 7 8 9 11 12 13 14 15 16 17 18 20 21 25 29 30 31 32 33 34 35 36 37 38 39 40 41 42 43 45 46 47 49 51 52 55 56 57 58 61 63 75 77 78 79 80 81 82 83 84 85 86 87 88 89 91 92 93 97 99 100 101 102 103 104 106 107 108 117 121 122 123 124 134 135 139 141 142 143 144 145 147 148 149
83 1 2 3 7 8 9 11 12 13 14 15 16 17 18 20 21 25 29 30 31 32 33 34 35 36 37 38 39 40 41 42 43 45 46 47 49 51 52 55 56 57 58 61 63 75 77 78 79 80 81 82 83 84 85 86 87 88 89 91 92 93 97 99 100 101 102 103 104 106 107 108 117 121 122 123 124 134 135 139 141 142 143 144 145 147 148 149
84 1 2 3 7 8 9 11 12 13 14 15 16 17 18 20 21 25 29 30 31 32 33 34 35 36 37 38 39 40 41 42 43 45 46 47 49 51 52 55 56 57 58 61 63 75 77 78 79 80 81 82 83 84 85 86 87 88 89 91 92 93 97 99 100 101 102 103 104 106 107 108 117 121 122 123 124 134 135 139 141 142 143 144 145 147 148 149
85 1 2 3 7 8 9 11 12 13 14 15 16 17 18 20 21 25 29 30 31 32 33 34 35 36 37 38 39 40 41 42 43 45 46 47 49 51 52 55 56 57 58 61 63 75 77 78 79 80 81 82 83 84 85 86 87 88 89 91 92 93 97 99 100 101 102 103 104 106 107 108 117 121 122 123 124 134 135 139 141 142 143 144 145 147 148 149
86 1 2 3 7 8 9 11 12 13 14 15 16 17 18 20 21 25 29 30 31 32 33 34 35 36 37 38 39 40 41 42 43 45 46 47 49 51 52 55 56 57 58 61 63 75 77 78 79 80 81 82 83 84 85 86 87 88 89 91 92 93 97 99 100 101 102 103 104 106 107 108 117 121 122 123 124 134 135 139 141 142 143 144 145 147 148 149
87 1 2 3 7 8 9 11 12 13 14 15 16 17 18 20 21 25 29 30 31 32 33 34 35 36 37 38 39 40 41 42 43 45 46 47 49 51 52 55 56 57 58 61 63 75 77 78 79 80 81 82 83 84 85 86 87 88 89 91 92 93 97 99 100 101 102 103 104 106 107 108 117 121 122 123 124 134 135 139 141 142 143 144 145 147 148 149
88 1 2 3 7 8 9 11 12 13 14 15 16 17 18 20 21 25 29 30 31 32 33 34 35 36 37 38 39 40 41 42 43 45 46 47 49 51 52 55 56 57 58 61 63 75 77 78 79 80 81 82 83 84 85 86 87 88 89 91 92 93 97 99 100 101 102 103 104 106 107 108 117 121 122 123 124 134 135 139 141 142 143 144 145 147 148 149
89 1 2 3 7 8 9 11 12 13 14 15 16 17 18 20 21 25 29 30 31 32 33 34 35 36 37 38 39 40 41 42 43 45 46 47 49 51 52 55 56 57 58 61 63 75 77 78 79 80 81 82 83 84 85 86 87 88 89 91 92 93 97 99 100 101 102 103 104 106 107 108 117 121 122 123 124 134 135 139 141 142 143 144 145 147 148 149
90 1 2 3 7 8 9 11 12 13 14 15 16 17 18 20 21 25 29 30 31 32 33 34 35 36 37 38 39 40 41 42 43 45 46 47 49 51 52 55 56 57 58 61 63 75 77 78 79 80 81 82 83 84 85 86 87 88 89 91 92 93 97 99 100 101 102 103 104 106 107 108 117 121 122 123 124 134 135 139 141 142 143 144 145 147 148 149
91 1 2 3 7 8 9 11 12 13 14 15 16 17 18 20 21 25 29 30 31 32 33 34 35 36 37 38 39 40 41 42 43 45 46 47 49 51 52 55 56 57 58 61 63 75 77 78 79 80 81 82 83 84 85 86 87 88 89 91 92 93 97 99 100 101 102 103 104 106 107 108 117 121 122 123 124 134 135 139 141 142 143 144 145 147 148 149
92 1 2 3 7 8 9 11 12 13 14 15 16 17 18 20 21 25 29 30 31 32 33 34 35 36 37 38 39 40 41 42 43 45 46 47 49 51 52 55 56 57 58 61 63 75 77 78 79 80 81 82 83 84 85 86 87 88 89 91 92 93 97 99 100 101 102 103 104 106 107 108 117 121 122 123 124 134 135 139 141 142 143 144 145 147 148 149
93 1 2 3 7 8 9 11 12 13 14 15 16 17 18 20 21 25 29 30 31 32 33 34 35 36 37 38 39 40 41 42 43 45 46 47 49 51 52 55 56 57 58 61 63 75 77 78 79 80 81 82 83 84 85 86 87 88 89 91 92 93 97 99 100 101 102 103 104 106 107 108 117 121 122 123 124 134 135 139 141 142 143 144 145 147 148 149
94 1 2 3 7 8 9 11 12 13 14 15 16 17 18 20 21 25 29 30 31 32 33 34 35 36 37 38 39 40 41 42 43 45 46 47 49 51 52 55 56 57 58 61 63 75 77 78 79 80 81 82 83 84 85 86 87 88 89 91 92 93 97 99 100 101 102 103 104 106 107 108 117 121 122 123 124 134 135 139 141 142 143 144 145 147 148 149
95 1 2 3 7 8 9 11 12 13 14 15 16 17 18 20 21 25 29 30 31 32 33 34 35 36 37 38 39 40 41 42 43 45 46 47 49 51 52 55 56 57 58 61 63 75 77 78 79 80 81 82 83 84 85 86 87 88 89 91 92 93 97 99 100 101 102 103 104 106 107 108 117 121 122 123 124 134 135 139 141 142 143 144 145 147 148 149
96 1 2 3 7 8 9 11 12 13 14 15 16 17 18 20 21 25 29 30 31 32 33 34 35 36 37 38 39 40 41 42 43 45 46 47 49 51 52 55 56 57 58 61 63 75 77 78 79 80 81 82 83 84 85 86 87 88 89 91 92 93 97 99 100 101 102 103 104 106 107 108 117 121 122 123 124 134 135 139 141 142 143 144 145 147 148 149
97 1 2 3 7 8 9 11 12 13 14 15 16 17 18 20 21 25 29 30 31 32 33 34 35 36 37 38 39 40 41 42 43 45 46 47 49 51 52 55 56 57 58 61 63 75 77 78 79 80 81 82 83 84 85 86 87 88 89 91 92 93 97 99 100 101 102 103 104 106 107 108 117 121 122 123 124 134 135 139 141 142 143 144 145 147 148 149
98 1 2 3 7 8 9 11 12 13 14 15 16 17 18 20 21 25 29 30 31 32 33 34 35 36 37 38 39 40 41 42 43 45 46 47 49 51 52 55 56 57 58 61 63 75 77 78 79 80 81 82 83 84 85 86 87 88 89 91 92 93 97 99 100 101 102 103 104 106 107 108 117 121 122 123 124 134 135 139 141 142 143 144 145 147 148 149
99 1 2 3 7 8 9 11 12 13 14 15 16 17 18 20 21 25 29 30 31 32 33 34 35 36 37 38 39 40 41 42 43 45 46 47 49 51 52 55 56 57 58 61 63 75 77 78 79 80 81 82 83 84 85 86 87 88 89 91 92 93 97 99 100 101 102 103 104 106 107 108 117 121 122 123 124 134 135 139 141 142 143 144 145 147 148 149
100 1 2 3 7 8 9 11 12 13 14 15 16 17 18 20 21 25 29 30 31 32 33 34 35 36 37 38 39 40 41 42 43 45 46 47 49 51 52 55 56 57 58 61 63 75 77 78 79 80 81 82 83 84 85 86 87 88 89 91 92 93 97 99 100 101 102 103 104 106 107 108 117 121 122 123 124 134 135 139 141 142 143 144 145 147 148 149
101 1 2 3 7 8 9 11 12 13 14 15 16 17 18 20 21 25 29 30 31 32 33 34 35 36 37 38 39 40 41 42 43 45 46 47 49 51 52 55 56 57 58 61 63 75 77 78 79 80 81 82 83 84 85 86 87 88 89 91 92 93 97 99 100 101 102 103 104 106 107 108 117 121 122 123 124 134 135 139 141 142 143 144 145 147 148 149
102 1 2 3 7 8 9 11 12 13 14 15 16 17 18 20 21 25 29 30 31 32 33 34 35 36 37 38 39 40 41 42 43 45 46 47 49 51 52 55 56 57 58 61 63 75 77 78 79 80 81 82 83 84 85 86 87 88 89 91 92 93 97 99 100 101 102 103 104 106 107 108 117 121 122 123 124 134 135 139 141 142 143 144 145 147 148 149
103 1 2 3 7 8 9 11 12 13 14 15 16 17 18 20 21 25 29 30 31 32 33 34 35 36 37 38 39 40 41 42 43 45 46 47 49 51 52 55 56 57 58 61 63 75 77 78 79 80 81 82 83 84 85 86 87 88 89 91 92 93 97 99 100 101 102 103 104 106 107 108 117 121 122 123 124 134 135 139 141 142 143 144 145 147 148 149
104 1 2 3 7 8 9 11 12 13 14 15 16 17 18 20 21 25 29 30 31 32 33 34 35 36 37 38 39 40 41 42 43 45 46 47 49 51 52 55 56 57 58 61 63 75 77 78 79 80 81 82 83 84 85 86 87 88 89 91 92 93 97 99 100 101 102 103 104 106 107 108 117 121 122 123 124 134 135 139 141 142 143 144 145 147 148 149
105 1 2 3 7 8 9 11 12 13 14 15 16 17 18 20 21 25 29 30 31 32 33 34 35 36 37 38 39 40 41 42 43 45 46 47 49 51 52 55 56 57 58 61 63 75 77 78 79 80 81 82 83 84 85 86 87 88 89 91 92 93 97 99 100 101 102 103 104 106 107 108 117 121 122 123 124 134 135 139 141 142 143 144 145 147 148 149
106 1 2 3 7 8 9 11 12 13 14 15 16 17 18 20 21 25 29 30 31 32 33 34 35 36 37 38 39 40 41 42 43 45 46 47 49 51 52 55 56 57 58 61 63 75 77 78 79 80 81 82 83 84 85 86 87 88 89 91 92 93 97 99 100 101 102 103 104 106 107 108 117 121 122 123 124 134 135 139 141 142 143 144 145 147 148 149
107 1 2 3 7 8 9 11 12 13 14 15 16 17 18 20 21 25 29 30 31 32 33 34 35 36 37 38 39 40 41 42 43 45 46 47 49 51 52 55 56 57 58 61 63 75 77 78 79 80 81 82 83 84 85 86 87 88 89 91 92 93 97 99 100 101 102 103 104 106 107 108 117 121 122 123 124 134 135 139 141 142 143 144 145 147 148 149
108 1 2 3 7 8 9 11 12 13 14 15 16 17 18 20 21 25 29 30 31 32 33 34 35 36 37 38 39 40 41 42 43 45 46 47 49 51 52 55 56 57 58 61 63 75 77 78 79 80 81 82 83 84 85 86 87 88 89 91 92 93 97 99 100 101 102 103 104 106 107 108 117 121 122 123 124 134 135 139 141 142 143 144 145 147 148 149
109 1 2 3 7 8 9 11 12 13 14 15 16 17 18 20 21 25 29 30 31 32 33 34 35 36 37 38 39 40 41 42 43 45 46 47 49 51 52 55 56 57 58 61 63 75 77 78 79 80 81 82 83 84 85 86 87 88 89 91 92 93 97 99 100 101 102 103 104 106 107 108 117 121 122 123 124 134 135 139 141 142 143 144 145 147 148 149
110 1 2 3 7 8 9 11 12 13 14 15 16 17 18 20 21 25 29 30 31 32 33 34 35 36 37 38 39 40 41 42 43 45 46 47 49 51 52 55 56 57 58 61 63 75 77 78 79 80 81 82 83 84 85 86 87 88 89 91 92 93 97 99 100 101 102 103 104 106 107 108 117 121 122 123 124 134 135 139 141 142 143 144 145 147 148 149
111 1 2 3 7 8 9 11 12 13 14 15 16 17 18 20 21 25 29 30 31 32 33 34 35 36 37 38 39 40 41 42 43 45 46 47 49 51 52 55 56 57 58 61 63 75 77 78 79 80 81 82 83 84 85 86 87 88 89 91 92 93 97 99 100 101 102 103 104 106 107 108 117 121 122 123 124 134 135 139 141 142 143 144 145 147 148 149
112 1 2 3 7 8 9 11 12 13 14 15 16 17 18 20 21 25 29 30 31 32 33 34 35 36 37 38 39 40 41 42 43 45 46 47 49 51 52 55 56 57 58 61 63 75 77 78 79 80 81 82 83 84 85 86 87 88 89 91 92 93 97 99 100 101 102 103 104 106 107 108 117 121 122 123 124 134 135 139 141 142 143 144 145 147 148 149
113 1 2 3 7 8 9 11 12 13 14 15 16 17 18 20 21 25 29 30 31 32 33 34 35 36 37 38 39 40 41 42 43 45 46 47 49 51 52 55 56 57 58 61 63 75 77 78 79 80 81 82 83 84 85 86 87 88 89 91 92 93 97 99 100 101 102 103 104 106 107 108 117 121 122 123 124 134 135 139 141 142 143 144 145 147 148 149
114 1 2 3 7 8 9 11 12 13 14 15 16 17 18 20 21 25 29 30 31 32 33 34 35 36 37 38 39 40 41 42 43 45 46 47 49 51 52 55 56 57 58 61 63 75 77 78 79 80 81 82 83 84 85 86 87 88 89 91 92 93 97 99 100 101 102 103 104 106 107 108 117 121 122 123 124 134 135 139 141 142 143 144 145 147 148 149
115 1 2 3 7 8 9 11 12 13 14 15 16 17 18 20 21 25 29 30 31 32 33 34 35 36 37 38 39 40 41 42 43 45 46 47 49 51 52 55 56 57 58 61 63 75 77 78 79 80 81 82 83 84 85 86 87 88 89 91 92 93 97 99 100 101 102 103 104 106 107 108 117 121 122 123 124 134 135 139 141 142 143 144 145 147 148 149
116 1 2 3 7 8 9 11 12 13 14 15 16 17 18 20 21 25 29 30 31 32 33 34 35 36 37 38 39 40 41 42 43 45 46 47 49 51 52 55 56 57 58 61 63 75 77 78 79 80 81 82 83 84 85 86 87 88 89 91 92 93 97 99 100 101 102 103 104 106 107 108 117 121 122 123 124 134 135 139 141 142 143 144 145 147 148 149
117 1 2 3 7 8 9 11 12 13 14 15 16 17 18 20 21 25 29 30 31 32 33 34 35 36 37 38 39 40 41 42 43 45 46 47 49 51 52 55 56 57 58 61 63 75 77 78 79 80 81 82 83 84 85 86 87 88 89 91 92 93 97 99 100 101 102 103 104 106 107 108 117 121 122 123 124 134 135 139 141 142 143 144 145 147 148 149
118 1 2 3 7 8 9 11 12 13 14 15 16 17 18 20 21 25 29 30 31 32 33 34 35 36 37 38 39 40 41 42 43 45 46 47 49 51 52 55 56 57 58 61 63 75 77 78 79 80 81 82 83 84 85 86 87 88 89 91 92 93 97 99 100 101 102 103 104 106 107 108 117 121 122 123 124 134 135 139 141 142 143 144 145 147 148 149
119 1 2 3 7 8 9 11 12 13 14 15 16 17 18 20 21 25 29 30 31 32 33 34 35 36 37 38 39 40 41 42 43 45 46 47 49 51 52 55 56 57 58 61 63 75 77 78 79 80 81 82 83 84 85 86 87 88 89 91 92 93 97 99 100 101 102 103 104 106 107 108 117 121 122 123 124 134 135 139 141 142 143 144 145 147 148 149
120 1 2 3 7 8 9 11 12 13 14 15 16 17 18 20 21 25 29 30 31 32 33 34 35 36 37 38 39 40 41 42 43 45 46 47 49 51 52 55 56 57 58 61 63 75 77 78 79 80 81 82 83 84 85 86 87 88 89 91 92 93 97 99 100 101 102 103 104 106 107 108 117 121 122 123 124 134 135 139 141 142 143 144 145 147 148 149
121 1 2 3 7 8 9 11 12 13 14 15 16 17 18 20 21 25 29 30 31 32 33 34 35 36 37 38 39 40 41 42 43 45 46 47 49 51 52 55 56 57 58 61 63 75 77 78 79 80 81 82 83 84 85 86 87 88 89 91 92 93 97 99 100 101 102 103 104 106 107 108 117 121 122 123 124 134 135 139 141 142 143 144 145 147 148 149
122 1 2 3 7 8 9 11 12 13 14 15 16 17 18 20 21 25 29 30 31 32 33 34 35 36 37 38 39 40 41 42 43 45 46 47 49 51 52 55 56 57 58 61 63 75 77 78 79 80 81 82 83 84 85 86 87 88 89 91 92 93 97 99 100 101 102 103 104 106 107 108 117 121 122 123 124 134 135 139 141 142 143 144 145 147 148 149
123 1 2 3 7 8 9 11 12 13 14 15 16 17 18 20 21 25 29 30 31 32 33 34 35 36 37 38 39 40 41 42 43 45 46 47 49 51 52 55 56 57 58 61 63 75 77 78 79 80 81 82 83 84 85 86 87 88 89 91 92 93 97 99 100 101 102 103 104 106 107 108 117 121 122 123 124 134 135 139 141 142 143 144 145 147 148 149
124 1 2 3 7 8 9 11 12 13 14 15 16 17 18 20 21 25 29 30 31 32 33 34 35 36 37 38 39 40 41 42 43 45 46 47 49 51 52 55 56 57 58 61 63 75 77 78 79 80 81 82 83 84 85 86 87 88 89 91 92 93 97 99 100 101 102 103 104 106 107 108 117 121 122 123 124 134 135 139 141 142 143 144 145 147 148 149
125 1 2 3 7 8 9 11 12 13 14 15 16 17 18 20 21 25 29 30 31 32 33 34 35 36 37 38 39 40 41 42 43 45 46 47 49 51 52 55 56 57 58 61 63 75 77 78 79 80 81 82 83 84 85 86 87 88 89 91 92 93 97 99 100 101 102 103 104 106 107 108 117 121 122 123 124 134 135 139 141 142 143 144 145 147 148 149
126 1 2 3 7 8 9 11 12 13 14 15 16 17 18 20 21 25 29 30 31 32 33 34 35 36 37 38 39 40 41 42 43 45 46 47 49 51 52 55 56 57 58 61 63 75 77 78 79 80 81 82 83 84 85 86 87 88 89 91 92 93 97 99 100 101 102 103 104 106 107 108 117 121 122 123 124 134 135 139 141 142 143 144 145 147 148 149
127 1 2 3 7 8 9 11 12 13 14 15 16 17 18 20 21 25 29 30 31 32 33 34 35 36 37 38 39 40 41 42 43 45 46 47 49 51 52 55 56 57 58 61 63 75 77 78 79 80 81 82 83 84 85 86 87 88 89 91 92 93 97 99 100 101 102 103 104 106 107 108 117 121 122 123 124 134 135 139 141 142 143 144 145 147 148 149
128 1 2 3 7 8 9 11 12 13 14 15 16 17 18 20 21 25 29 30 31 32 33 34 35 36 37 38 39 40 41 42 43 45 46 47 49 51 52 55 56 57 58 61 63 75 77 78 79 80 81 82 83 84 85 86 87 88 89 91 92 93 97 99 100 101 102 103 104 106 107 108 117 121 122 123 124 134 135 139 141 142 143 144 145 147 148 149
129 1 2 3 7 8 9 11 12 13 14 15 16 17 18 20 21 25 29 30 31 32 33 34 35 36 37 38 39 40 41 42 43 45 46 47 49 51 52 55 56 57 58 61 63 75 77 78 79 80 81 82 83 84 85 86 87 88 89 91 92 93 97 99 100 101 102 103 104 106 107 108 117 121 122 123 124 134 135 139 141 142 143 144 145 147 148 149
130 1 2 3 7 8 9 11 12 13 14 15 16 17 18 20 21 25 29 30 31 32 33 34 35 36 37 38 39 40 41 42 43 45 46 47 49 51 52 55 56 57 58 61 63 75 77 78 79 80 81 82 83 84 85 86 87 88 89 91 92 93 97 99 100 101 102 103 104 106 107 108 117 121 122 123 124 134 135 139 141 142 143 144 145 147 148 149
131 1 2 3 7 8 9 11 12 13 14 15 16 17 18 20 21 25 29 30 31 32 33 34 35 36 37 38 39 40 41 42 43 45 46 47 49 51 52 55 56 57 58 61 63 75 77 78 79 80 81 82 83 84 85 86 87 88 89 91 92 93 97 99 100 101 102 103 104 106 107 108 117 121 122 123 124 134 135 139 141 142 143 144 145 147 148 149
132 1 2 3 7 8 9 11 12 13 14 15 16 17 18 20 21 25 29 30 31 32 33 34 35 36 37 38 39 40 41 42 43 45 46 47 49 51 52 55 56 57 58 61 63 75 77 78 79 80 81 82 83 84 85 86 87 88 89 91 92 93 97 99 100 101 102 103 104 106 107 108 117 121 122 123 124 134 135 139 141 142 143 144 145 147 148 149
133 1 2 3 7 8 9 11 12 13 14 15 16 17 18 20 21 25 29 30 31 32 33 34 35 36 37 38 39 40 41 42 43 45 46 47 49 51 52 55 56 57 58 61 63 75 77 78 79 80 81 82 83 84 85 86 87 88 89 91 92 93 97 99 100 101 102 103 104 106 107 108 117 121 122 123 124 134 135 139 141 142 143 144 145 147 148 149
134 1 2 3 7 8 9 11 12 13 14 15 16 17 18 20 21 25 29 30 31 32 33 34 35 36 37 38 39 40 41 42 43 45 46 47 49 51 52 55 56 57 58 61 63 75 77 78 79 80 81 82 83 84 85 86 87 88 89 91 92 93 97 99 100 101 102 103 104 106 107 108 117 121 122 123 124 134 135 139 141 142 143 144 145 147 148 149
135 1 2 3 7 8 9 11 12 13 14 15 16 17 18 20 21 25 29 30 31 32 33 34 35 36 37 38 39 40 41 42 43 45 46 47 49 51 52 55 56 57 58 61 63 75 77 78 79 80 81 82 83 84 85 86 87 88 89 91 92 93 97 99 100 101 102 103 104 106 107 108 117 121 122 123 124 134 135 139 141 142 143 144 145 147 148 149
136 1 2 3 7 8 9 11 12 13 14 15 16 17 18 20 21 25 29 30 31 32 33 34 35 36 37 38 39 40 41 42 43 45 46 47 49 51 52 55 56 57 58 61 63 75 77 78 79 80 81 82 83 84 85 86 87 88 89 91 92 93 97 99 100 101 102 103 104 106 107 108 117 121 122 123 124 134 135 139 141 142 143 144 145 147 148 149
137 1 2 3 7 8 9 11 12 13 14 15 16 17 18 20 21 25 29 30 31 32 33 34 35 36 37 38 39 40 41 42 43 45 46 47 49 51 52 55 56 57 58 61 63 75 77 78 79 80 81 82 83 84 85 86 87 88 89 91 92 93 97 99 100 101 102 103 104 106 107 108 117 121 122 123 124 134 135 139 141 142 143 144 145 147 148 149
138 1 2 3 7 8 9 11 12 13 14 15 16 17 18 20 21 25 29 30 31 32 33 34 35 36 37 38 39 40 41 42 43 45 46 47 49 51 52 55 56 57 58 61 63 75 77 78 79 80 81 82 83 84 85 86 87 88 89 91 92 93 97 99 100 101 102 103 104 106 107 108 117 121 122 123 124 134 135 139 141 142 143 144 145 147 148 149
139 1 2 3 7 8 9 11 12 13 14 15 16 17 18 20 21 25 29 30 31 32 33 34 35 36 37 38 39 40 41 42 43 45 46 47 49 51 52 55 56 57 58 61 63 75 77 78 79 80 81 82 83 84 85 86 87 88 89 91 92 93 97 99 100 101 102 103 104 106 107 108 117 121 122 123 124 134 135 139 141 142 143 144 145 147 148 149
140 1 2 3 7 8 9 11 12 13 14 15 16 17 18 20 21 25 29 30 31 32 33 34 35 36 37 38 39 40 41 42 43 45 46 47 49 51 52 55 56 57 58 61 63 75 77 78 79 80 81 82 83 84 85 86 87 88 89 91 92 93 97 99 100 101 102 103 104 106 107 108 117 121 122 123 124 134 135 139 141 142 143 144 145 147 148 149
141 1 2 3 7 8 9 11 12 13 14 15 16 17 18 20 21 25 29 30 31 32 33 34 35 36 37 38 39 40 41 42 43 45 46 47 49 51 52 55 56 57 58 61 63 75 77 78 79 80 81 82 83 84 85 86 87 88 89 91 92 93 97 99 100 101 102 103 104 106 107 108 117 121 122 123 124 134 135 139 141 142 143 144 145 147 148 149
142 1 2 3 7 8 9 11 12 13 14 15 16 17 18 20 21 25 29 30 31 32 33 34 35 36 37 38 39 40 41 42 43 45 46 47 49 51 52 55 56 57 58 61 63 75 77 78 79 80 81 82 83 84 85 86 87 88 89 91 92 93 97 99 100 101 102 103 104 106 107 108 117 121 122 123 124 134 135 139 141 142 143 144 145 147 148 149
143 1 2 3 7 8 9 11 12 13 14 15 16 17 18 20 21 25 29 30 31 32 33 34 35 36 37 38 39 40 41 42 43 45 46 47 49 51 52 55 56 57 58 61 63 75 77 78 79 80 81 82 83 84 85 86 87 88 89 91 92 93 97 99 100 101 102 103 104 106 107 108 117 121 122 123 124 134 135 139 141 142 143 144 145 147 148 149
144 1 2 3 7 8 9 11 12 13 14 15 16 17 18 20 21 25 29 30 31 32 33 34 35 36 37 38 39 40 41 42 43 45 46 47 49 51 52 55 56 57 58 61 63 75 77 78 79 80 81 82 83 84 85 86 87 88 89 91 92 93 97 99 100 101 102 103 104 106 107 108 117 121 122 123 124 134 135 139 141 142 143 144 145 147 148 149
145 1 2 3 7 8 9 11 12 13 14 15 16 17 18 20 21 25 29 30 31 32 33 34 35 36 37 38 39 40 41 42 43 45 46 47 49 51 52 55 56 57 58 61 63 75 77 78 79 80 81 82 83 84 85 86 87 88 89 91 92 93 97 99 100 101 102 103 104 106 107 108 117 121 122 123 124 134 135 139 141 142 143 144 145 147 148 149
146 1 2 3 7 8 9 11 12 13 14 15 16 17 18 20 21 25 29 30 31 32 33 34 35 36 37 38 39 40 41 42 43 45 46 47 49 51 52 55 56 57 58 61 63 75 77 78 79 80 81 82 83 84 85 86 87 88 89 91 92 93 97 99 100 101 102 103 104 106 107 108 117 121 122 123 124 134 135 139 141 142 143 144 145 147 148 149
147 1 2 3 7 8 9 11 12 13 14 15 16 17 18 20 21 25 29 30 31 32 33 34 35 36 37 38 39 40 41 42 43 45 46 47 49 51 52 55 56 57 58 61 63 75 77 78 79 80 81 82 83 84 85 86 87 88 89 91 92 93 97 99 100 101 102 103 104 106 107 108 117 121 122 123 124 134 135 139 141 142 143 144 145 147 148 149
148 1 2 3 7 8 9 11 12 13 14 15 16 17 18 20 21 25 29 30 31 32 33 34 35 36 37 38 39 40 41 42 43 45 46 47 49 51 52 55 56 57 58 61 63 75 77 78 79 80 81 82 83 84 85 86 87 88 89 91 92 93 97 99 100 101 102 103 104 106 107 108 117 121 122 123 124 134 135 139 141 142 143 144 145 147 148 149
149 1 2 3 7 8 9 11 12 13 14 15 16 17 18 20 21 25 29 30 31 32 33 34 35 36 37 38 39 40 41 42 43 45 46 47 49 51 52 55 56 57 58 61 63 75 77 78 79 80 81 82 83 84 85 86 87 88 89 91 92 93 97 99 100 101 102 103 104 106 107 108 117 121 122 123 124 134 135 139 141 142 143 144 145 147 148 149
150 1 2 3 7 8 9 11 12 13 14 15 16 17 18 20 21 25 29 30 31 32 33 34 35 36 37 38 39 40 41 42 43 45 46 47 49 51 52 55 56 57 58 61 63 75 77 78 79 80 81 82 83 84 85 86 87 88 89 91 92 93 97 99 100 101 102 103 104 106 107 108 117 121 122 123 124 134 135 139 141 142 143 144 145 147 148 149
